251
254
302
302
296
431
528
438
520
497
318
862
224
333
466
42
253
199
1236
67
192
53058
5628455
36
0
67
39
563200
3852
7267
136
3757
293
2681
6868
3786
2072
100
3820
3204
132
426
1358
36
84
682
2032
1850
167
548
3775
2754
2722
5019
1089
877
48
158
102
120832
1537
207
837
374
2013
889
329
718
929
361
1064
202
565
843
210
617
1069
209
623
1210
205
411
923
210
640
1105
1256
883
1360
1217
907
353
943
1269
1071
1294
1433
1148
1327
1481
1102
1585
1437
914
350
1086
1409
907
345
799
916
348
985
218
355
1137
907
344
754
918
357
1236
923
357
1093
743
1250
1269
1978
332
11335
53049
19817
31152
18105
30966
33358
31184
17106
16150
321
1156
2077
1003
722
2020
1083
1150
1059
580
490
1788
460
1118
1132
1059
598
449
2497
420
318
259
264
1089
1111
1059
743
1241
1172
1990
74
2651
1818
699
68607
41452
3243
55578
8951
6569
4336
7307
17251
13148
9238
3435
21297
10550
29
6419
365
220
85
101
1852
84
98
3162
173
131
8219
16485
17202
81
89
1998
82
92
3612
163
82
92
3847
83
95
5331
80
86
4805
289
1959
38916
35044
17396
2121
4362678
13912
313943
124118
360
1490
2172
574
504
5000
1023
8527
8666
43592
897320
22232
4453
46599
75
4721
11605
3167
6695
14323
4553
179739
49368
61113
7752
6675
105840
31710
8454
7212
4721
6344
1556424
67818
54542
40702
6976
90
15035
6278
4440
2546
12305
718
152
475
231
133
194
293
148
622
3224
1079
2917
397
14141
710
211603
1408
19800
531
918
115
35951
540
241
20335
62927
41280
23320
78
5155
1938
20464
111
141
7616
24
1725
1518
1201
1121
594
5659
3565
5405
764
1401
666
4764
14935
19803
1390
4215
993
1079
3022
780
1102
1249
257
139
468
1080
120
605
2641
4388
2784
3094
579
1062
161
533
232
364
148
438
537
191
248
196
343
127
159
700
116
162
6650
3565
14634
4930
7650
861
2001
6151
3509
2133
1925
546
4262
3122
4612
7812
753
2937
5951
747
27053
527
4968
8122
84
1256
5474
14903
34633
6621
30
461
7420
72120
24901
21245
112158
75382
157697
13616
7588
20023
23292
8767
9690
104
2264
1380
11662
575
299
34
72324
85
602
196
47
6
705
2472
24
2064
3977
210
299
959
1500
147
264
1590
19784
11495
6109
3958
104
123
112
77
483
1756
9084
77
595
128
5196
852
30026
3278
42
7533
2821
14342
32464
119
3364
418
905
607
1746
77
590
130
17787
95527
477
54
1234
789
2113
3303
828
1219
2419
592
2266
2048
2343
13896
1983
7699
193
68
1536
532554
35
454528
74
10112
474089
253
1554
17943
437
14742
9979
11714
1655
20744
454
13386
2796
7018
115
813
142
114
4951
1113
1210
1314
1152
2116
19010
842
623
704
1128
36
304
1436
965
493
567
392
1096
1400
3664
371
43
196
14053
821
1073
158
4605
4510
64
152
93
913
2002
266
363
1181
1525
9393
12210
446
263
358
367
7933
416
685
1137
1035
266
291
747
74
93
925
3336
320
405
376
38786
457
1224
3969
4449
77
129
38205
8938
72630
17421
183
169
656
3146
2502
128
2967
748
3950
816
379
500
470
447
114054
3390
2108
35665
26761
375
2443
11851
23522
29398
16761
5748
684
292
436
8911
563
458
670
11918
2351
4424
2688
601
3961
3690
911
827
1365
348
367
1099
647
380
13655
1403
295
1862
684
682
694
647
647
1437
474
302
627
499
1102
2666
1298
539
1525
795
572
612
6931
263
755
755
755
754
754
6293
7166
2485
6565
1156
2361
25196
1919
11971
3910
66
790
708
303
358
1472
316
1830
12253
1179
305
24931
14974
1518
1477
1314
10951
11734
720
1155
107
169
388
13674
4953
128
1468
381
2217
622
593
21988
1090
481
2233
303
16196
7907
17941
2616
11051
66
11170
205
610
2001
4748
196
600
18659
11159
190
1879
9120
8268
8181
1660
137
2558
439
212
318
355
390
298
133
314
346
2497
2239
2682
2398
563
1673
1032
1055
1762
932
10092
659
10044
659
729
18364
4462
17328
49
2271
630
1252
4334
1421
1404
14180
17390
5648
6845
5185
5726
3555
2374
1228
1839
344
625
696
6674
8076
1882
2043
1625
6806
195
755
503
924
564
235
951
260
1173
844
874
2729
2464
2304
2304
2304
2080
3263
3267
2336
2272
1456
2208
2464
2297
2304
128
1024
278
299
303
346
535
318
302
482
577
365
362
354
2495
2143
2375
333
321
249
257
310
1995
506
609
323
286
384
603
318
365
486
486
486
484
484
482
472
486
525
758
499
551
551
5704
129
757
515
461
246
67
93
618
885
112
95
122
335
326
44
2849
214
3670
3675
4943
1943
2166
52
5805
1153
1138
1197
1181
965
36
387
157
373
165
473
38
2924
130
36
36
7441
8
8783
4437
1077
64000
611
49
81
2194
11287
796
6162
4078
20339
3359
2501
787
17274
30807
22549
18632
2195
17654
19436
2329
660
1835
4559
3880
2063
4495
10737
274
96
13295
2427
516
16987
39390
9131
1704
5940
2046
11679
1228
4750
2902
14145
11031
3975
3517
1341
38112
291
703
1462
891
2774
7620
21450
22079
2073
330
40276
346
14102
3964
8300
100494
14943
21189
31376
8144
1176
7781
10799
7929
3599
81743
1663
398
1157
1543
14166
73911
13848
12896
14717
13297
5660
209
2119
75
910
83
123
141
744
863
353
433
170
1068
4017
4180
4562
7390
4684
7478
1585
3821
3075
4153
71221
700
31
64
61
41
11131
34
289013
34
154984
1321
941
717
786
3862
26785
1086
40137
5781
37206
28198
14001
8732
35556
72522
10122
4212
267981
9295
12694
1105
22030
1668
20860
41
247
3854
50
11275
2957
28
15586
1227
466
232
424
4290
368509351
996
24
3063
2100
55
65
28932696
14926206
18180278
19069170
27941716
52
21658242
14242998
591
35040690
131
395
631
695
18945932
20642160
8253
1194
41
125372
109
2127372
1566874
10047960
2992668
7164594
4158758
2519294
942
25763496
290165
209
105772
2017500
78412
88327
91419
124081
7007
60
226
958
27407898
5800887
116
246672
4077
102726
130
46234
3031378
80220
97854
125
100930
116787
151151
82216
96
2200
946
30729370
86
806246
1334408
1328074
2675134
119
575
1274145
286
11477136
95071
62247
5264396
60488
16456
20932
18016
5478
254833
228
11654116
232555
1570
211777
150
304321
1711
1558636
928734
1554272
1681520
1139394
219038
3454
8431400
7946328
3825792
2823856
140834
255080
154
118722
1793174
4096
3798
200340
8422
204
339
152
88
10899
1595
3762
55
3345
648
96
142336
9499053
1030
17808
11228
11022
8320
8945
989
13212
28630
24696
1849
2155
1775
1693
6991
6133
1912
820
1551
4416
1213
1805
287430
240
79
3346
127
45
380
21208
85
1029
79
3378
26
184
5381
176
6158
44374
24695
141917
16901
75743
25087
16926
32269
44234
68713
45284
68856
32536
6022
32785
84
8445482
136
293
3780
398
17852
15618
209
744
831
3450
941
1174
47369
72981
269188
25
71
5032
2510
1370
19474
442
2407
96361
48888
45106
143174
92090
55598
58213
172802
1217576
2057696
57739
12566840
4088
4087
230192
66
34540
48860
198010
117824
615370
1062
289
289
7326
289
7940
289
136
398
73553
289
209
744
774
941
35446
72406
289
136
132
842
64
116
147
209
41
900
40058
35500
72410
267057
289
209
709
764
1234
827
35495
289
209
670
786
441
806
11154
6114
55
3383
136
398
14594
169
629
786
35424
72378
266935
1030
19033
11547
11320
8562
9211
1081
14315
29660
25725
2025
2338
1944
1856
7680
6748
2047
849
1635
4637
1328
1978
441
8005
